250 0
260 0
270 0.000154673
280 0.00480387
290 0.257244
300 3.39229
310 13.9654
320 30.1803
330 44.3278
340 53.4451
350 57.9585
360 60.3969
370 60.9649
380 61.3019
390 61.0669
400 59.8226
410 58.2565
420 56.5418
430 54.6333
440 52.3745
450 49.6308
460 46.336
470 43.1306
480 40.4658
490 38.2364
500 36.0077
510 32.4649
520 26.7238
530 21.1923
540 17.5586
550 15.0299
560 13.0695
570 11.2861
580 9.57751
590 7.90947
600 6.35486
610 4.96394
620 3.658
630 2.64226
640 1.76224
650 1.16347
660 0.687532
670 0.345294
680 0
690 0