250 0
252 0
254 0
256 0
258 0
260 0
262 0
264 0
266 0
268 0
270 0
272 0
274 0
276 0
278 0
280 0
282 0
284 0
286 0
288 0
290 0
292 0
294 0
296 0
298 0
300 0
302 0.0534579
304 0.195231
306 0.487062
308 0.972303
310 1.67925
312 3.53736
314 5.99204
316 8.87726
318 12.0497
320 15.4465
322 22.0832
324 28.5064
326 34.5301
328 40.1139
330 45.3822
332 53.5321
334 60.306
336 65.8508
338 70.39
340 74.355
342 80.0083
344 84.3042
346 87.5975
348 90.1576
350 92.2901
352 95.513
354 97.8809
356 99.8145
358 101.497
360 102.944
362 104.458
364 105.862
366 107.302
368 108.796
370 110.238
372 110.775
374 111.26
376 111.42
378 111.245
380 110.981
382 113.647
384 115.162
386 116.138
388 116.816
390 117.335
392 117.538
394 117.6
396 117.507
398 117.29
400 117.033
402 116.577
404 116.106
406 115.678
408 115.29
410 114.864
412 114.635
414 114.406
416 114.162
418 113.903
420 113.642
422 113.34
424 113.039
426 112.742
428 112.45
430 112.157
432 111.658
434 111.155
436 110.606
438 110.011
440 109.411
442 108.903
444 108.383
446 107.835
448 107.26
450 106.677
452 105.992
454 105.292
456 104.512
458 103.654
460 102.787
462 101.591
464 100.394
466 99.1217
468 97.7744
470 96.4263
472 95.0087
474 93.5911
476 92.2211
478 90.8987
480 89.5762
482 88.4177
484 87.2587
486 86.1885
488 85.2072
490 84.2255
492 83.3365
494 82.4469
496 81.595
498 80.7809
500 79.9662
502 79.1055
504 78.2436
506 77.4024
508 76.5818
510 75.7602
512 74.8119
514 73.8635
516 72.7479
518 71.4654
520 70.1826
522 68.3578
524 66.5327
526 64.4464
528 62.0989
530 59.7509
532 57.2905
534 54.83
536 52.4054
538 50.0168
540 47.628
542 45.6258
544 43.6239
546 41.8438
548 40.2856
550 38.7276
552 37.5162
554 36.3049
556 35.2359
558 34.3091
560 33.3825
562 32.6465
564 31.9105
566 31.2215
568 30.5793
570 29.9373
572 29.3674
574 28.7976
576 28.2546
578 27.7382
580 27.2218
582 26.6994
584 26.1767
586 25.6629
588 25.1579
590 24.6529
592 24.1467
594 23.6402
596 23.1458
598 22.6632
600 22.1806
602 21.7126
604 21.2446
606 20.7707
608 20.2908
610 19.811
612 19.344
614 18.877
616 18.3964
618 17.9025
620 17.4084
622 16.9289
624 16.4494
626 15.9753
628 15.5067
630 15.038
632 14.5815
634 14.1249
636 13.6762
638 13.2353
640 12.7943
642 12.4267
644 12.0592
646 11.6863
648 11.3079
650 10.9297
652 10.4781
654 10.0266
656 9.71284
658 9.53684
660 9.36083
662 9.13395
664 8.90707
666 8.54144
668 8.03707
670 7.5327
672 7.06163
674 6.59055
676 6.16444
678 5.78327
680 5.4021
682 5.04722
684 4.69234
686 4.35112
688 4.02355
690 3.69598
692 0
694 0
696 0
698 0
700 0